,1. open,2. high,3. low,4. close,5. adjusted close,6. volume,7. dividend amount,8. split coefficient
2010-01-04,48.47,48.89,48.4,48.55,35.5488267091,4589100.0,0.0,1.0
2010-01-05,48.51,49.23,48.26,48.73,35.6806246248,4760100.0,0.0,1.0
2010-01-06,48.59,49.7,48.59,49.66,36.3615805226,7217400.0,0.0,1.0
2010-01-07,50.2,50.79,49.72,50.27,36.8082290148,12531000.0,0.0,1.0
2010-01-08,50.05,50.11,49.58,50.07,36.6617868862,6512800.0,0.0,1.0
2010-01-11,50.16,50.33,49.74,50.18,36.7423300569,3751700.0,0.0,1.0
2010-01-12,49.9,49.98,48.96,49.34,36.1272731169,5472000.0,0.0,1.0
2010-01-13,49.33,49.66,49.11,49.34,36.1272731169,4793400.0,0.0,1.0
2010-01-14,49.77,50.35,49.6,50.1,36.6837532055,7498700.0,0.0,1.0
2010-01-15,49.86,50.32,49.79,50.17,36.7350079505,9093100.0,0.0,1.0
2010-01-19,50.47,51.4,50.0,51.2,37.4891849126,9924900.0,0.0,1.0
2010-01-20,50.78,51.39,50.57,50.72,37.137723804,8591500.0,0.0,1.0
2010-01-21,50.64,51.32,49.7,50.22,36.7716184826,9239600.0,0.0,1.0
2010-01-22,50.02,51.1,50.01,50.38,36.8887721855,11722400.0,0.0,1.0
2010-01-25,50.73,51.08,50.21,50.77,37.1743343362,8908700.0,0.0,1.0
2010-01-26,50.56,52.46,50.52,52.02,38.0895976397,13054200.0,0.0,1.0
2010-01-27,51.84,52.2,51.52,51.96,38.0456650011,11010600.0,0.0,1.0
2010-01-28,52.18,52.43,51.61,51.91,38.009054469,8252700.0,0.0,1.0
2010-01-29,52.26,52.38,51.27,51.27,37.5404396576,9523400.0,0.0,1.0
2010-02-01,51.55,51.61,50.7,51.09,37.4086417419,8797500.0,0.0,1.0
2010-02-02,51.11,51.17,50.61,50.82,37.2109448683,13402900.0,0.0,1.0
2010-02-03,50.69,51.0,50.51,50.6,37.0498585269,7192400.0,0.0,1.0
2010-02-04,49.25,49.4,48.23,49.07,35.9295762434,15325900.0,0.0,1.0
2010-02-05,48.6,49.51,48.51,49.3,36.0979846912,7345800.0,0.0,1.0
2010-02-08,49.26,49.66,48.75,48.78,35.717235157,4944100.0,0.0,1.0
2010-02-09,49.15,49.7,48.78,49.14,35.9808309884,4628400.0,0.0,1.0
2010-02-10,49.02,49.32,48.61,48.95,35.8417109662,4433700.0,0.0,1.0
2010-02-11,48.85,49.52,48.63,49.16,35.9954752012,4716400.0,0.0,1.0
2010-02-12,48.79,48.98,48.5,48.64,35.614725667,8710900.0,0.0,1.0
2010-02-16,49.3,50.23,49.17,50.09,36.6764310991,5788600.0,0.0,1.0
2010-02-17,50.28,50.76,50.17,50.6,37.1743343362,5474300.0,0.17,1.0
2010-02-18,50.37,50.93,50.13,50.74,37.2771882256,4882200.0,0.0,1.0
2010-02-19,50.7,51.08,50.49,50.73,37.2698415193,5172500.0,0.0,1.0
2010-02-22,50.79,51.05,50.56,50.64,37.2037211617,4000300.0,0.0,1.0
2010-02-23,49.9,50.62,48.8,50.06,36.7776121911,15695000.0,0.0,1.0
2010-02-24,50.2,51.16,50.12,50.99,37.4608558854,9273500.0,0.0,1.0
2010-02-25,50.72,51.13,50.27,50.95,37.4314690598,8211800.0,0.0,1.0
2010-02-26,51.0,51.63,50.99,51.52,37.8502313241,4189600.0,0.0,1.0
2010-03-01,51.77,52.34,51.49,52.24,38.3791941842,4883600.0,0.0,1.0
2010-03-02,52.17,52.37,51.47,51.67,37.96043192,4805300.0,0.0,1.0
2010-03-03,51.77,51.92,51.46,51.68,37.9677786264,3993500.0,0.0,1.0
2010-03-04,52.4,53.25,52.15,52.94,38.8934636316,6891400.0,0.0,1.0
2010-03-05,53.34,53.5,52.86,53.49,39.297532483,4503300.0,0.0,1.0
2010-03-08,53.43,53.64,53.24,53.48,39.2901857767,3261700.0,0.0,1.0
2010-03-09,53.1,53.38,52.58,52.86,38.8346899804,3597600.0,0.0,1.0
2010-03-10,52.56,53.3,52.36,52.64,38.6730624398,4164700.0,0.0,1.0
2010-03-11,52.46,52.92,52.18,52.81,38.7979564485,3217600.0,0.0,1.0
2010-03-12,53.11,53.21,52.49,53.08,38.996317521,3757400.0,0.0,1.0
2010-03-15,52.9,53.51,52.86,53.47,39.2828390703,3841300.0,0.0,1.0
2010-03-16,53.47,53.59,53.16,53.44,39.2607989511,2844600.0,0.0,1.0
2010-03-17,53.6,53.64,52.98,53.18,39.0697845849,3488500.0,0.0,1.0
2010-03-18,53.28,53.38,52.77,53.04,38.9669306955,4068400.0,0.0,1.0
2010-03-19,53.3,53.39,52.98,53.3,39.1579450616,5225500.0,0.0,1.0
2010-03-22,53.04,54.0,52.86,53.88,39.5840540323,3767300.0,0.0,1.0
2010-03-23,53.8,54.0,53.21,53.89,39.5914007387,3173600.0,0.0,1.0
2010-03-24,53.62,53.83,53.12,53.37,39.2093720064,4685500.0,0.0,1.0
2010-03-25,53.63,54.0,53.38,53.45,39.2681456575,3540700.0,0.0,1.0
2010-03-26,53.7,54.46,53.66,54.37,39.9440426454,4888000.0,0.0,1.0
2010-03-29,54.53,54.73,53.8,53.96,39.6428276834,3607300.0,0.0,1.0
2010-03-30,53.95,54.32,53.42,53.74,39.4812001428,3079300.0,0.0,1.0
2010-03-31,53.51,53.67,52.24,52.6,38.6436756143,6467400.0,0.0,1.0
2010-04-01,52.76,53.14,52.65,53.13,39.033051053,5057800.0,0.0,1.0
2010-04-05,53.29,53.96,52.67,53.76,39.4958935556,4241000.0,0.0,1.0
2010-04-06,53.63,54.09,53.35,54.09,39.7383348665,4355700.0,0.0,1.0
2010-04-07,53.92,54.51,53.71,54.01,39.6795612154,6541800.0,0.0,1.0
2010-04-08,54.81,56.44,54.26,55.64,40.877074357,11861900.0,0.0,1.0
2010-04-09,55.93,56.13,54.79,55.67,40.8991144762,7134600.0,0.0,1.0
2010-04-12,55.88,56.22,55.51,55.98,41.1268623743,4535500.0,0.0,1.0
2010-04-13,55.96,56.67,55.87,56.46,41.479504281,5908500.0,0.0,1.0
2010-04-14,56.47,56.74,56.02,56.74,41.68521206,4475700.0,0.0,1.0
2010-04-15,56.45,56.76,56.18,56.6,41.5823581705,3772300.0,0.0,1.0
2010-04-16,56.32,56.45,55.7,55.99,41.1342090807,6310000.0,0.0,1.0
2010-04-19,56.02,56.53,54.88,56.07,41.1929827318,5624700.0,0.0,1.0
2010-04-20,56.39,56.53,55.97,56.14,41.2444096765,4167300.0,0.0,1.0
2010-04-21,56.28,57.83,56.02,56.93,41.8247994814,5472100.0,0.0,1.0
2010-04-22,56.66,57.74,56.58,57.6,42.3170288096,4998100.0,0.0,1.0
2010-04-23,57.52,58.0,57.02,57.94,42.5668168268,5318000.0,0.0,1.0
2010-04-26,57.85,58.52,57.46,58.05,42.6476305971,5507300.0,0.0,1.0
2010-04-27,57.8,57.98,56.51,56.67,41.6337851152,5898900.0,0.0,1.0
2010-04-28,56.92,57.32,56.18,56.61,41.5897048769,5192100.0,0.0,1.0
2010-04-29,56.97,57.54,56.66,57.35,42.1333611498,3739500.0,0.0,1.0
2010-04-30,57.46,58.2,56.43,56.87,41.780719243,6571200.0,0.0,1.0
2010-05-03,56.96,57.62,56.67,56.99,41.8688797197,5127400.0,0.0,1.0
2010-05-04,56.58,56.68,55.17,55.58,40.8329941187,6793900.0,0.0,1.0
2010-05-05,55.2,56.59,55.12,56.06,41.1856360254,11130600.0,0.0,1.0
2010-05-06,54.73,56.18,53.26,55.02,40.4215785608,14732900.0,0.0,1.0
2010-05-07,54.74,55.35,52.69,54.3,39.8926157007,11650400.0,0.0,1.0
2010-05-10,55.94,57.1,55.57,56.67,41.6337851152,7906800.0,0.0,1.0
2010-05-11,56.04,56.99,55.89,56.28,41.347263566,4479900.0,0.0,1.0
2010-05-12,56.52,57.22,56.01,57.13,41.9717336092,4736900.0,0.0,1.0
2010-05-13,57.02,57.04,54.94,55.07,40.4583120927,7770500.0,0.0,1.0
2010-05-14,55.07,56.19,54.75,55.17,40.5317791567,8092800.0,0.0,1.0
2010-05-17,55.47,56.22,54.66,56.05,41.178289319,7600000.0,0.0,1.0
2010-05-18,56.33,56.7,53.94,54.22,39.9587360582,8566000.0,0.17,1.0
2010-05-19,53.48,54.7,53.03,54.03,39.8187109779,10166400.0,0.0,1.0
2010-05-20,53.27,54.25,52.63,52.78,38.8974933447,10634700.0,0.0,1.0
2010-05-21,51.83,54.37,51.83,54.35,40.054542692,11596600.0,0.0,1.0
2010-05-24,54.2,54.94,53.83,54.29,40.0103242457,6131100.0,0.0,1.0
2010-05-25,53.09,54.6,52.75,54.58,40.2240467366,8474100.0,0.0,1.0
2010-05-26,55.09,55.09,53.43,53.59,39.4944423711,9305500.0,0.0,1.0
2010-05-27,54.37,55.33,53.83,55.31,40.7620378344,5639800.0,0.0,1.0
2010-05-28,55.31,55.31,54.36,54.53,40.1871980312,5089600.0,0.0,1.0
2010-06-01,54.27,55.12,53.8,53.91,39.7302740852,4590900.0,0.0,1.0
2010-06-02,54.01,54.75,53.43,54.37,40.0692821742,6187400.0,0.0,1.0
2010-06-03,55.11,55.39,54.04,54.48,40.1503493259,5819900.0,0.0,1.0
2010-06-04,53.59,53.87,52.35,52.8,38.9122328269,6302600.0,0.0,1.0
2010-06-07,52.98,53.51,51.93,52.0,38.3226535416,5748200.0,0.0,1.0
2010-06-08,51.81,52.82,51.81,52.42,38.6321826664,6825600.0,0.0,1.0
2010-06-09,52.69,53.29,52.15,52.37,38.595333961,6082200.0,0.0,1.0
2010-06-10,53.07,53.65,52.9,53.61,39.5091818532,4915300.0,0.0,1.0
2010-06-11,53.31,53.98,52.94,53.71,39.5828792638,3457800.0,0.0,1.0
2010-06-14,54.1,54.73,53.53,54.05,39.8334504601,3905700.0,0.0,1.0
2010-06-15,54.54,54.84,53.95,54.6,40.2387862187,4388200.0,0.0,1.0
2010-06-16,54.23,54.54,53.58,54.18,39.9292570939,4297800.0,0.0,1.0
2010-06-17,54.59,54.59,53.26,54.12,39.8850386475,5093000.0,0.0,1.0
2010-06-18,54.29,54.4,53.58,53.67,39.5534002996,8810100.0,0.0,1.0
2010-06-21,53.97,54.16,52.48,52.89,38.9785604965,8359000.0,0.0,1.0
2010-06-22,53.15,53.6,51.9,52.28,38.5290062914,9440200.0,0.0,1.0
2010-06-23,52.32,53.06,52.24,52.67,38.816426193,5855000.0,0.0,1.0
2010-06-24,52.42,52.42,50.65,50.73,37.3866964263,9736000.0,0.0,1.0
2010-06-25,50.86,51.23,50.41,50.5,37.2171923818,8414200.0,0.0,1.0
2010-06-28,50.61,50.93,49.72,49.92,36.7897473999,6147700.0,0.0,1.0
2010-06-29,49.33,49.51,48.23,49.0,36.1117312219,10199500.0,0.0,1.0
2010-06-30,49.04,50.08,48.84,49.17,36.23701682,9576100.0,0.0,1.0
2010-07-01,48.99,49.84,48.3,49.61,36.5612854269,10683000.0,0.0,1.0
2010-07-02,49.67,49.96,49.2,49.53,36.5023274984,5492400.0,0.0,1.0
2010-07-06,50.0,50.36,49.47,49.93,36.797117141,8557300.0,0.0,1.0
2010-07-07,49.93,50.48,49.5,50.43,37.1656041943,7568800.0,0.0,1.0
2010-07-08,50.94,51.3,49.43,50.02,36.8634448106,9063700.0,0.0,1.0
2010-07-09,49.97,50.03,49.4,49.85,36.7381592125,5319100.0,0.0,1.0
2010-07-12,49.65,49.65,48.81,49.16,36.229647079,5637700.0,0.0,1.0
2010-07-13,49.54,50.27,49.09,49.89,36.7676381767,6053400.0,0.0,1.0
2010-07-14,49.67,49.78,49.08,49.65,36.5907643912,5210800.0,0.0,1.0
2010-07-15,49.53,50.95,49.37,50.79,37.4309148727,6685600.0,0.0,1.0
2010-07-16,50.55,50.92,50.16,50.28,37.0550580783,8912200.0,0.0,1.0
2010-07-19,50.57,50.57,49.75,50.23,37.018209373,4050100.0,0.0,1.0
2010-07-20,49.75,51.15,49.45,51.03,37.6077886582,5492600.0,0.0,1.0
2010-07-21,51.14,51.14,50.0,50.17,36.9739909266,4183300.0,0.0,1.0
2010-07-22,50.7,51.78,50.6,51.46,37.9246875241,4522500.0,0.0,1.0
2010-07-23,51.32,51.89,50.91,51.89,38.2415863899,5377500.0,0.0,1.0
2010-07-26,51.75,52.97,51.75,52.85,38.9490815322,5447000.0,0.0,1.0
2010-07-27,52.84,52.99,52.0,52.13,38.4184601755,4088300.0,0.0,1.0
2010-07-28,52.07,52.64,51.67,51.8,38.1752587203,4252200.0,0.0,1.0
2010-07-29,52.15,52.69,51.31,51.51,37.9615362294,4624700.0,0.0,1.0
2010-07-30,51.01,51.48,50.79,51.32,37.8215111491,7277000.0,0.0,1.0
2010-08-02,51.59,52.0,51.22,51.75,38.138410015,5934100.0,0.0,1.0
2010-08-03,51.53,52.59,50.42,50.98,37.5709399529,5756500.0,0.0,1.0
2010-08-04,51.24,51.71,51.0,51.5,37.9541664883,4821700.0,0.0,1.0
2010-08-05,52.33,53.23,51.42,52.86,38.9564512733,7022700.0,0.0,1.0
2010-08-06,52.41,52.69,51.56,52.32,38.5584852557,4869900.0,0.0,1.0
2010-08-09,53.31,53.7,52.96,53.35,39.3175685855,5365500.0,0.0,1.0
2010-08-10,53.07,53.17,52.38,52.94,39.0154092018,3768200.0,0.0,1.0
2010-08-11,52.24,52.56,51.98,52.01,38.3300232827,3712400.0,0.0,1.0
2010-08-12,51.55,52.0,51.25,51.81,38.1826284614,4206500.0,0.0,1.0
2010-08-13,51.63,51.66,50.74,50.81,37.4456543548,3833900.0,0.0,1.0
2010-08-16,50.5,50.92,50.35,50.72,37.3793266852,3128000.0,0.0,1.0
2010-08-17,51.46,51.65,50.91,50.93,37.5340912476,6146700.0,0.0,1.0
2010-08-18,49.37,52.32,49.37,51.95,38.4700483629,16317000.0,0.25,1.0
2010-08-19,51.86,52.12,51.31,51.85,38.3959962968,8392900.0,0.0,1.0
2010-08-20,51.68,52.33,51.65,52.15,38.6181524952,5527300.0,0.0,1.0
2010-08-23,52.22,52.59,51.9,52.01,38.5144796026,4054500.0,0.0,1.0
2010-08-24,51.56,51.85,50.81,51.53,38.1590296851,6288500.0,0.0,1.0
2010-08-25,51.29,51.79,51.0,51.57,38.1886505116,10250600.0,0.0,1.0
2010-08-26,51.62,52.23,51.57,51.66,38.2552973711,4969500.0,0.0,1.0
2010-08-27,51.76,52.23,51.33,51.74,38.314539024,6555200.0,0.0,1.0
2010-08-30,51.6,51.71,50.74,50.8,37.6184496022,5379200.0,0.0,1.0
2010-08-31,50.65,51.48,50.43,51.16,37.8850370404,7301700.0,0.0,1.0
2010-09-01,51.62,52.64,51.62,52.24,38.6847993547,5222000.0,0.0,1.0
2010-09-02,52.33,52.95,52.31,52.55,38.9143607598,7957200.0,0.0,1.0
2010-09-03,52.96,53.54,52.64,52.83,39.121706545,5570900.0,0.0,1.0
2010-09-07,52.53,53.04,52.2,52.33,38.7514462143,3280600.0,0.0,1.0
2010-09-08,52.43,53.06,52.36,52.49,38.8699295201,5884300.0,0.0,1.0
2010-09-09,52.87,53.28,52.47,52.72,39.0402492722,3719000.0,0.0,1.0
2010-09-10,52.72,53.22,52.68,53.06,39.2920262971,3418600.0,0.0,1.0
2010-09-13,53.42,53.59,52.99,53.19,39.3882939831,3546300.0,0.0,1.0
2010-09-14,53.33,54.16,53.01,53.75,39.8029855536,5242100.0,0.0,1.0
2010-09-15,53.56,54.01,53.4,53.76,39.8103907602,3213000.0,0.0,1.0
2010-09-16,53.52,54.07,53.23,53.96,39.9584948925,3294200.0,0.0,1.0
2010-09-17,54.15,54.27,53.65,53.74,39.7955803469,5392300.0,0.0,1.0
2010-09-20,53.95,54.73,53.74,54.6,40.4324281158,3603300.0,0.0,1.0
2010-09-21,54.64,54.64,53.83,54.07,40.0399521652,4770000.0,0.0,1.0
2010-09-22,54.09,54.36,53.5,54.1,40.0621677851,3742600.0,0.0,1.0
2010-09-23,53.6,54.35,53.37,53.77,39.8177959668,3246200.0,0.0,1.0
2010-09-24,54.31,55.28,53.91,55.05,40.7656624135,4428600.0,0.0,1.0
2010-09-27,54.82,55.0,54.18,54.39,40.2769187769,4152900.0,0.0,1.0
2010-09-28,53.81,54.76,53.56,54.53,40.3805916695,6355900.0,0.0,1.0
2010-09-29,54.54,54.54,53.39,53.54,39.6474762146,6166300.0,0.0,1.0
2010-09-30,53.72,54.07,53.23,53.44,39.5734241485,7182400.0,0.0,1.0
2010-10-01,53.78,53.94,53.3,53.47,39.5956397683,5092100.0,0.0,1.0
2010-10-04,53.31,53.64,52.97,53.42,39.5586137353,4672700.0,0.0,1.0
2010-10-05,53.81,54.28,53.59,54.24,40.1658406777,5489900.0,0.0,1.0
2010-10-06,54.07,54.48,53.78,54.07,40.0399521652,5683800.0,0.0,1.0
2010-10-07,54.11,54.6,53.59,54.32,40.2250823306,7053000.0,0.0,1.0
2010-10-08,54.4,54.67,53.92,54.2,40.1362198512,6613700.0,0.0,1.0
2010-10-11,54.3,55.0,54.24,54.85,40.6175582812,4470300.0,0.0,1.0
2010-10-12,54.87,54.91,54.47,54.74,40.5361010084,5787300.0,0.0,1.0
2010-10-13,54.69,55.08,54.35,54.42,40.2991343967,4053900.0,0.0,1.0
2010-10-14,54.46,54.62,53.52,54.07,40.0399521652,5660600.0,0.0,1.0
2010-10-15,54.4,54.59,53.97,54.33,40.2324875372,4208600.0,0.0,1.0
2010-10-18,54.22,54.37,53.75,54.04,40.0177365454,4347800.0,0.0,1.0
2010-10-19,53.54,54.04,53.22,53.5,39.6178553882,5801900.0,0.0,1.0
2010-10-20,53.67,54.24,53.35,54.18,40.121409438,5154000.0,0.0,1.0
2010-10-21,54.33,54.95,53.94,54.21,40.1436250578,5364600.0,0.0,1.0
2010-10-22,54.22,54.42,53.45,53.87,39.8918480329,4816400.0,0.0,1.0
2010-10-25,54.08,54.53,53.69,53.76,39.8103907602,4156700.0,0.0,1.0
2010-10-26,53.54,53.74,53.05,53.14,39.3512679501,5379700.0,0.0,1.0
2010-10-27,52.68,52.83,51.85,52.73,39.0476544789,6471700.0,0.0,1.0
2010-10-28,53.01,53.05,52.02,52.36,38.7736618341,6192800.0,0.0,1.0
2010-10-29,52.16,52.22,51.65,51.94,38.4626431563,6469400.0,0.0,1.0
2010-11-01,52.38,53.86,51.93,53.48,39.603044975,11881600.0,0.0,1.0
2010-11-02,53.62,54.25,53.14,53.95,39.9510896858,5154300.0,0.0,1.0
2010-11-03,53.96,54.09,53.25,53.97,39.9659000991,5374100.0,0.0,1.0
2010-11-04,54.79,56.16,54.69,54.76,40.5509114216,9336300.0,0.0,1.0
2010-11-05,55.03,55.35,54.65,55.15,40.8397144796,4515600.0,0.0,1.0
2010-11-08,55.06,55.14,54.51,54.9,40.6545843142,2714300.0,0.0,1.0
2010-11-09,54.83,55.0,54.25,54.46,40.3287552232,2978900.0,0.0,1.0
2010-11-10,54.33,54.59,53.88,54.58,40.4176177026,3470200.0,0.0,1.0
2010-11-11,54.22,54.65,53.99,54.3,40.2102719174,3589000.0,0.0,1.0
2010-11-12,54.09,54.62,53.92,54.19,40.1288146446,4188800.0,0.0,1.0
2010-11-15,54.29,54.54,54.05,54.16,40.1065990248,3506800.0,0.0,1.0
2010-11-16,54.16,54.5,53.31,53.79,39.83260638,5933800.0,0.0,1.0
2010-11-17,54.84,55.85,54.75,55.62,41.3728893559,10691900.0,0.25,1.0
2010-11-18,56.23,56.63,55.29,55.32,41.1497346128,7912900.0,0.0,1.0
2010-11-19,55.4,56.34,55.09,56.31,41.8861452648,9116300.0,0.0,1.0
2010-11-22,56.35,56.5,55.64,55.77,41.4844667274,6253200.0,0.0,1.0
2010-11-23,55.48,55.88,55.17,55.24,41.0902266814,6330100.0,0.0,1.0
2010-11-24,55.47,57.34,55.47,57.25,42.5853634596,6958600.0,0.0,1.0
2010-11-26,56.94,57.25,56.59,56.85,42.2878238022,2051300.0,0.0,1.0
2010-11-29,56.61,56.63,55.82,56.33,41.9010222477,5770800.0,0.0,1.0
2010-11-30,55.98,57.45,55.98,56.94,42.3547702251,6755500.0,0.0,1.0
2010-12-01,57.6,58.15,57.25,58.02,43.1581273,5687500.0,0.0,1.0
2010-12-02,58.05,59.8,57.44,59.65,44.3706014037,10728500.0,0.0,1.0
2010-12-03,59.18,59.38,58.45,59.12,43.9763613577,6837500.0,0.0,1.0
2010-12-06,59.0,59.42,58.78,59.23,44.0581847635,4132600.0,0.0,1.0
2010-12-07,59.45,60.0,59.03,59.09,43.9540458834,4622800.0,0.0,1.0
2010-12-08,59.11,59.32,58.63,59.13,43.9837998492,2691700.0,0.0,1.0
2010-12-09,59.52,59.69,59.0,59.41,44.1920776093,4661800.0,0.0,1.0
2010-12-10,59.56,59.92,58.82,58.95,43.8499070034,3901400.0,0.0,1.0
2010-12-13,59.23,59.43,58.65,58.79,43.7308911404,3518600.0,0.0,1.0
2010-12-14,58.98,59.4,58.89,59.08,43.946607392,4123800.0,0.0,1.0
2010-12-15,58.83,59.22,58.43,58.78,43.723452649,4698700.0,0.0,1.0
2010-12-16,58.83,59.61,58.79,59.06,43.9317304091,3787800.0,0.0,1.0
2010-12-17,58.87,59.09,58.49,58.52,43.5300518717,6878700.0,0.0,1.0
2010-12-20,58.84,58.91,58.34,58.6,43.5895598032,2830300.0,0.0,1.0
2010-12-21,58.81,59.96,58.55,59.7,44.4077938609,5601400.0,0.0,1.0
2010-12-22,59.62,60.65,59.62,60.03,44.6532640782,5428900.0,0.0,1.0
2010-12-23,59.73,60.59,59.73,60.26,44.8243493812,3334400.0,0.0,1.0
2010-12-27,60.06,60.43,59.74,60.05,44.6681410611,1676800.0,0.0,1.0
2010-12-28,60.06,60.51,59.78,59.91,44.564002181,2129600.0,0.0,1.0
2010-12-29,59.95,60.33,59.81,59.89,44.5491251982,2744200.0,0.0,1.0
2010-12-30,59.87,60.23,59.77,59.95,44.5937561468,1728000.0,0.0,1.0
2010-12-31,59.94,60.26,59.73,60.13,44.7276489926,1988200.0,0.0,1.0
