,1. open,2. high,3. low,4. close,5. adjusted close,6. volume,7. dividend amount,8. split coefficient
2010-01-04,53.74,54.67,53.67,54.23,41.1266890659,20753100.0,0.0,1.0
2010-01-05,54.09,54.19,53.5702,53.69,40.7171664383,15648400.0,0.0,1.0
2010-01-06,53.5,53.83,53.42,53.57,40.6261614099,12517200.0,0.0,1.0
2010-01-07,53.72,53.75,53.26,53.6,40.648912667,10662700.0,0.0,1.0
2010-01-08,53.43,53.53,53.02,53.33,40.4441513532,11363200.0,0.0,1.0
2010-01-11,53.33,54.44,53.1,54.21,41.1115215611,13987700.0,0.0,1.0
2010-01-12,54.0,54.75,53.86,54.73,41.505876684,15117000.0,0.0,1.0
2010-01-13,54.79,55.2,54.41,55.01,41.7182217502,13290700.0,0.0,1.0
2010-01-14,54.73,54.84,54.16,54.21,41.1115215611,13772000.0,0.0,1.0
2010-01-15,54.34,54.55,53.6,53.68,40.7095826859,19087500.0,0.0,1.0
2010-01-19,53.91,54.26,53.5,54.03,40.9750140186,14618500.0,0.0,1.0
2010-01-20,53.92,53.94,53.23,53.86,40.8460902284,13308600.0,0.0,1.0
2010-01-21,54.07,54.07,52.84,52.92,40.1332175063,16028700.0,0.0,1.0
2010-01-22,52.96,53.4702,52.69,52.94,40.148385011,19415900.0,0.0,1.0
2010-01-25,53.14,53.22,52.775,52.88,40.1028824968,12003300.0,0.0,1.0
2010-01-26,52.82,53.86,52.73,53.61,40.6564964193,15584000.0,0.0,1.0
2010-01-27,53.52,53.77,53.1,53.4,40.4972376197,13192100.0,0.0,1.0
2010-01-28,53.38,53.45,52.51,52.61,39.898121183,16960100.0,0.0,1.0
2010-01-29,53.68,54.15,53.4,53.43,40.5199888768,24280800.0,0.0,1.0
2010-02-01,53.62,53.78,53.31,53.48,40.5579076386,11019500.0,0.0,1.0
2010-02-02,53.59,53.72,53.33,53.49,40.565491391,11387900.0,0.0,1.0
2010-02-03,53.73,54.5,53.64,54.27,41.1570240753,17988900.0,0.0,1.0
2010-02-04,53.88,54.3,52.96,52.97,40.1711362681,21029900.0,0.0,1.0
2010-02-05,52.77,53.53,52.76,53.45,40.5351563815,15545800.0,0.0,1.0
2010-02-08,53.38,53.54,52.92,52.93,40.1408012586,10505900.0,0.0,1.0
2010-02-09,53.21,53.62,52.82,53.25,40.3834813343,10825000.0,0.0,1.0
2010-02-10,53.27,53.5,52.96,53.24,40.3758975819,9408400.0,0.0,1.0
2010-02-11,53.13,53.45,52.91,53.08,40.2545575441,11579600.0,0.0,1.0
2010-02-12,53.11,53.11,52.66,52.9,40.1180500016,17038400.0,0.0,1.0
2010-02-16,53.24,53.72,52.9,53.56,40.6185776575,15771200.0,0.0,1.0
2010-02-17,53.69,54.25,53.65,54.06,40.9977652757,15534200.0,0.0,1.0
2010-02-18,53.2,53.5,52.91,53.47,40.5503238863,29457500.0,0.0,1.0
2010-02-19,53.19,53.58,53.07,53.49,40.565491391,15090400.0,0.0,1.0
2010-02-22,53.52,53.92,53.34,53.83,40.8233389713,12097200.0,0.0,1.0
2010-02-23,53.75,54.08,53.45,53.62,40.6640801717,14138000.0,0.0,1.0
2010-02-24,53.74,53.95,53.48,53.92,40.8915927426,10624200.0,0.0,1.0
2010-02-25,53.4597,54.28,53.25,54.15,41.066019047,13510100.0,0.0,1.0
2010-02-26,54.22,54.24,53.5,54.07,41.0053490281,15952900.0,0.0,1.0
2010-03-01,54.04,54.13,53.54,53.9,40.8764252379,12128700.0,0.0,1.0
2010-03-02,53.83,53.89,53.47,53.59,40.6413289146,14081700.0,0.0,1.0
2010-03-03,53.35,53.75,53.15,53.66,40.6944151812,11631200.0,0.0,1.0
2010-03-04,54.02,54.09,53.75,53.96,40.9219277521,11211800.0,0.0,1.0
2010-03-05,53.97,54.17,53.5,54.14,41.0584352946,11375100.0,0.0,1.0
2010-03-08,54.01,54.28,53.93,54.15,41.066019047,7556700.0,0.0,1.0
2010-03-09,54.12,54.5,53.92,54.06,40.9977652757,12584600.0,0.0,1.0
2010-03-10,53.67,54.02,53.53,53.63,40.9010724331,12697000.0,0.3025,1.0
2010-03-11,53.64,53.99,53.53,53.97,41.1603744026,10673900.0,0.0,1.0
2010-03-12,54.16,54.24,53.79,53.9,41.106988703,10477900.0,0.0,1.0
2010-03-15,54.39,55.54,54.35,55.42,42.2662210375,24373900.0,0.0,1.0
2010-03-16,55.88,56.27,55.6,55.99,42.7009331629,18453000.0,0.0,1.0
2010-03-17,56.05,56.13,55.66,55.92,42.6475474633,12495200.0,0.0,1.0
2010-03-18,55.89,55.952,55.54,55.94,42.6628005203,9472200.0,0.0,1.0
2010-03-19,56.03,56.27,55.15,55.34,42.2052088094,17184100.0,0.0,1.0
2010-03-22,55.31,56.0422,55.13,55.62,42.4187516078,9874100.0,0.0,1.0
2010-03-23,55.63,56.0,55.61,55.89,42.6246678778,9369300.0,0.0,1.0
2010-03-24,55.73,56.0,55.43,55.58,42.3882454937,8698900.0,0.0,1.0
2010-03-25,55.63,55.99,55.6,55.61,42.4111250793,9793100.0,0.0,1.0
2010-03-26,55.61,55.96,55.47,55.51,42.3348597941,9947300.0,0.0,1.0
2010-03-29,55.5,55.75,55.43,55.74,42.51026995,9776500.0,0.0,1.0
2010-03-30,55.78,56.05,55.66,55.91,42.6399209348,6941300.0,0.0,1.0
2010-03-31,55.81,55.905,55.5,55.6,42.4034985508,9966900.0,0.0,1.0
2010-04-01,55.75,55.85,55.17,55.49,42.3196067371,11788100.0,0.0,1.0
2010-04-05,55.7,55.73,55.22,55.49,42.3196067371,10748800.0,0.0,1.0
2010-04-06,55.44,55.63,55.29,55.53,42.3501128512,9567200.0,0.0,1.0
2010-04-07,55.5,55.9,55.14,55.28,42.1594496383,12935200.0,0.0,1.0
2010-04-08,55.29,55.7,55.16,55.38,42.2357149234,11139700.0,0.0,1.0
2010-04-09,55.38,55.38,54.635,55.07,41.9992925394,12535100.0,0.0,1.0
2010-04-12,55.02,55.1,54.58,55.02,41.9611598968,11954300.0,0.0,1.0
2010-04-13,54.91,55.21,54.66,54.72,41.7323640413,12851100.0,0.0,1.0
2010-04-14,54.63,54.91,54.34,54.64,41.6713518132,14686900.0,0.0,1.0
2010-04-15,54.15,54.36,53.92,54.13,41.2823988589,17659300.0,0.0,1.0
2010-04-16,54.11,54.59,53.84,54.11,41.2671458018,19232000.0,0.0,1.0
2010-04-19,54.0,54.48,54.0,54.39,41.4806886003,11315600.0,0.0,1.0
2010-04-20,54.49,54.82,54.38,54.52,41.579833471,9092300.0,0.0,1.0
2010-04-21,54.52,54.57,54.19,54.47,41.5417008284,4827400.0,0.0,1.0
2010-04-22,54.36,54.65,54.15,54.49,41.5569538855,3996100.0,0.0,1.0
2010-04-23,54.47,54.61,53.92,54.53,41.5874599995,16595800.0,0.0,1.0
2010-04-26,54.53,54.7,54.01,54.04,41.2137601022,14751000.0,0.0,1.0
2010-04-27,53.6,54.42,53.53,54.04,41.2137601022,19174600.0,0.0,1.0
2010-04-28,53.92,54.1,53.52,53.61,40.885819376,14904200.0,0.0,1.0
2010-04-29,53.66,54.23,53.55,53.7,40.9544581327,13320000.0,0.0,1.0
2010-04-30,53.82,54.15,53.64,53.64,40.9086989616,16279400.0,0.0,1.0
2010-05-03,53.88,53.95,53.47,53.74,40.9849642467,12301000.0,0.0,1.0
2010-05-04,53.59,54.57,53.55,54.02,41.1985070452,18670900.0,0.0,1.0
2010-05-05,54.11,54.95,53.82,54.77,41.7704966839,16609900.0,0.0,1.0
2010-05-06,54.35,54.78,51.53,53.23,40.5960112924,24067500.0,0.0,1.0
2010-05-07,53.04,53.62,51.8,52.4,39.9630094256,28945100.0,0.0,1.0
2010-05-10,53.06,53.24,51.83,52.58,40.1002869388,27090300.0,0.0,1.0
2010-05-11,52.35,52.77,52.17,52.46,40.0087685967,19623300.0,0.0,1.0
2010-05-12,52.5,52.56,52.13,52.48,40.2547241413,13610100.0,0.3025,1.0
2010-05-13,52.63,52.97,52.36,52.4,40.1933602326,12458000.0,0.0,1.0
2010-05-14,52.41,52.7,52.02,52.12,39.9785865519,18648300.0,0.0,1.0
2010-05-17,52.41,52.92,52.04,52.73,40.4464863562,16945400.0,0.0,1.0
2010-05-18,53.32,54.45,53.2,53.705,41.1943589941,32227700.0,0.0,1.0
2010-05-19,53.53,53.76,52.79,53.04,40.6842715026,20418700.0,0.0,1.0
2010-05-20,52.37,52.96,51.3,51.3,39.3496064872,27256000.0,0.0,1.0
2010-05-21,50.73,51.37,50.51,51.37,39.4032999074,24548600.0,0.0,1.0
2010-05-24,51.04,51.54,50.9,51.0,39.1194918294,13557800.0,0.0,1.0
2010-05-25,50.25,50.5,50.0,50.28,38.5672166506,24062400.0,0.0,1.0
2010-05-26,50.36,50.6,50.01,50.02,38.3677839472,19078100.0,0.0,1.0
2010-05-27,50.52,50.73,50.32,50.7,38.8893771716,13980400.0,0.0,1.0
2010-05-28,50.75,50.93,50.5,50.56,38.7819903313,14019500.0,0.0,1.0
2010-06-01,50.8,51.51,50.52,50.92,39.0581279206,16053600.0,0.0,1.0
2010-06-02,51.23,51.74,51.02,51.72,39.6717670082,13665800.0,0.0,1.0
2010-06-03,51.73,52.08,51.48,51.72,39.6717670082,10509100.0,0.0,1.0
2010-06-04,51.41,51.7,50.22,50.4,38.6592625138,24041900.0,0.0,1.0
2010-06-07,50.46,51.365,50.32,50.74,38.9200591259,19500600.0,0.0,1.0
2010-06-08,50.79,50.98,50.5275,50.78,38.9507410803,20315500.0,0.0,1.0
2010-06-09,50.96,51.36,50.59,50.99,39.1118213408,16530900.0,0.0,1.0
2010-06-10,51.21,51.68,51.06,51.22,39.2882425785,15850500.0,0.0,1.0
2010-06-11,50.97,51.27,50.55,50.86,39.0121049891,14027400.0,0.0,1.0
2010-06-14,51.11,51.46,50.89,51.24,39.3035835556,13900100.0,0.0,1.0
2010-06-15,51.2,51.65,51.06,51.64,39.6104030994,14310800.0,0.0,1.0
2010-06-16,51.5,51.58,50.92,50.98,39.1041508522,15900700.0,0.0,1.0
2010-06-17,51.05,51.49,50.96,51.41,39.4339818617,12667300.0,0.0,1.0
2010-06-18,51.41,51.91,51.41,51.55,39.5413687021,25425800.0,0.0,1.0
2010-06-21,51.71,51.88,50.71,51.02,39.1348328066,14655200.0,0.0,1.0
2010-06-22,51.07,51.47,50.6,50.68,38.8740361944,13658200.0,0.0,1.0
2010-06-23,50.76,51.04,50.4,50.81,38.9737525461,15945900.0,0.0,1.0
2010-06-24,50.73,50.83,49.95,50.03,38.3754544358,14819200.0,0.0,1.0
2010-06-25,49.95,50.2,48.8,48.8,37.4319843387,45333200.0,0.0,1.0
2010-06-28,49.06,49.77,49.01,49.57,38.0226119605,14697200.0,0.0,1.0
2010-06-29,49.17,49.26,48.4319,48.9,37.5086892247,20350800.0,0.0,1.0
2010-06-30,48.96,48.97,48.01,48.07,36.8720386714,18388800.0,0.0,1.0
2010-07-01,48.1,48.41,47.77,48.34,37.0791418634,18114400.0,0.0,1.0
2010-07-02,48.44,48.44,47.84,48.0,36.8183452512,13581300.0,0.0,1.0
2010-07-06,49.34,49.44,48.255,48.57,37.2555631011,18225600.0,0.0,1.0
2010-07-07,48.66,48.97,48.16,48.92,37.5240302018,16176200.0,0.0,1.0
2010-07-08,49.32,49.32,48.7927,49.18,37.7234629053,12650000.0,0.0,1.0
2010-07-09,49.25,49.55,49.15,49.43,37.9152251201,11607200.0,0.0,1.0
2010-07-12,49.78,50.33,49.68,50.12,38.4444888331,13440900.0,0.0,1.0
2010-07-13,50.35,50.69,50.1,50.54,38.7666493541,13219800.0,0.0,1.0
2010-07-14,50.05,50.36,50.04,50.35,38.6209100708,10708300.0,0.0,1.0
2010-07-15,50.34,50.44,49.91,50.41,38.6669330023,12255600.0,0.0,1.0
2010-07-16,50.15,50.33,49.52,49.67,38.0993168464,15922200.0,0.0,1.0
2010-07-19,49.72,49.81,49.0875,49.52,37.9842595175,11896000.0,0.0,1.0
2010-07-20,49.26,51.03,49.26,50.88,39.0274459663,16283900.0,0.0,1.0
2010-07-21,51.0,51.0,50.11,50.35,38.6209100708,12311100.0,0.0,1.0
2010-07-22,50.55,51.09,50.51,50.86,39.0121049891,11984200.0,0.0,1.0
2010-07-23,50.91,51.81,50.9,51.67,39.6334145652,13046400.0,0.0,1.0
2010-07-26,51.67,51.67,50.91,51.13,39.2192081811,14112100.0,0.0,1.0
2010-07-27,50.8,51.3,50.66,50.96,39.088809875,12295200.0,0.0,1.0
2010-07-28,50.8,51.39,50.8,51.13,39.2192081811,9328500.0,0.0,1.0
2010-07-29,51.23,51.78,50.8,51.06,39.165514761,9630500.0,0.0,1.0
2010-07-30,50.61,51.2525,50.5,51.19,39.2652311127,13551400.0,0.0,1.0
2010-08-02,51.55,51.7,50.95,51.41,39.4339818617,13861000.0,0.0,1.0
2010-08-03,51.25,51.65,51.03,51.29,39.3419359986,10668600.0,0.0,1.0
2010-08-04,51.04,51.71,51.01,51.6,39.579721145,8068900.0,0.0,1.0
2010-08-05,51.64,51.67,51.22,51.62,39.5950621222,7439000.0,0.0,1.0
2010-08-06,51.42,51.79,51.11,51.79,39.7254604283,8270300.0,0.0,1.0
2010-08-09,51.83,52.34,51.8,52.06,39.9325636204,8265400.0,0.0,1.0
2010-08-10,51.91,52.48,51.69,52.22,40.0552914379,8845800.0,0.0,1.0
2010-08-11,51.62,51.62,50.98,51.02,39.3668650865,11306300.0,0.3025,1.0
2010-08-12,50.56,50.78,50.01,50.43,38.9116230168,12796900.0,0.0,1.0
2010-08-13,50.33,50.74,50.0,50.4,38.8884751149,10095300.0,0.0,1.0
2010-08-16,50.17,50.57,50.06,50.41,38.8961910822,9648700.0,0.0,1.0
2010-08-17,50.79,51.62,50.66,51.02,39.3668650865,16315500.0,0.0,1.0
2010-08-18,51.0,51.32,50.62,50.86,39.24340961,15745000.0,0.0,1.0
2010-08-19,50.7,50.96,50.0,50.06,38.6261322272,15634100.0,0.0,1.0
2010-08-20,50.17,50.47,50.03,50.22,38.7495877038,11701700.0,0.0,1.0
2010-08-23,50.57,51.5,50.39,51.14,39.459456694,14657800.0,0.0,1.0
2010-08-24,50.67,51.72,50.6,51.3,39.5829121705,16700800.0,0.0,1.0
2010-08-25,51.25,51.79,51.09,51.55,39.7758113526,14842400.0,0.0,1.0
2010-08-26,51.62,51.62,50.75,50.97,39.3282852501,11898700.0,0.0,1.0
2010-08-27,51.02,51.25,50.72,51.0,39.351433152,11935000.0,0.0,1.0
2010-08-30,51.02,51.25,50.53,50.55,39.0042146242,8502500.0,0.0,1.0
2010-08-31,50.51,51.1,50.12,50.14,38.6878599655,25359400.0,0.0,1.0
2010-09-01,50.49,51.43,50.46,51.2,39.5057524977,13431500.0,0.0,1.0
2010-09-02,51.12,51.81,51.12,51.76,39.9378466656,11206100.0,0.0,1.0
2010-09-03,51.86,52.09,51.55,52.04,40.1538937496,9613100.0,0.0,1.0
2010-09-07,52.07,52.56,51.84,51.86,40.0150063385,10583800.0,0.0,1.0
2010-09-08,51.89,51.98,51.52,51.83,39.9918584366,8960000.0,0.0,1.0
2010-09-09,52.06,52.1,51.84,51.91,40.0535861749,7289700.0,0.0,1.0
2010-09-10,51.9,52.07,51.72,51.97,40.0998819786,8160400.0,0.0,1.0
2010-09-13,52.25,52.47,52.01,52.21,40.2850651934,7868000.0,0.0,1.0
2010-09-14,52.16,53.03,52.15,52.66,40.6322837212,11201400.0,0.0,1.0
2010-09-15,52.47,53.1,52.41,52.86,40.7866030669,10198100.0,0.0,1.0
2010-09-16,52.66,53.28,52.55,53.15,41.0103661182,10742700.0,0.0,1.0
2010-09-17,53.17,53.33,52.88,53.01,40.9023425762,20799800.0,0.0,1.0
2010-09-20,53.1,53.67,53.09,53.54,41.3112888423,9260100.0,0.0,1.0
2010-09-21,53.52,53.955,53.32,53.57,41.3344367441,9425100.0,0.0,1.0
2010-09-22,53.52,54.0,53.45,53.82,41.5273359263,9910000.0,0.0,1.0
2010-09-23,53.73,53.92,53.5299,53.65,41.3961644824,7291200.0,0.0,1.0
2010-09-24,53.95,54.39,53.84,54.08,41.7279510757,9768400.0,0.0,1.0
2010-09-27,53.91,54.01,53.47,53.48,41.2649930386,8662200.0,0.0,1.0
2010-09-28,53.53,53.99,53.05,53.82,41.5273359263,11147300.0,0.0,1.0
2010-09-29,53.8,53.81,53.11,53.35,41.1646854639,9864100.0,0.0,1.0
2010-09-30,53.53,53.99,53.14,53.52,41.2958569077,10901000.0,0.0,1.0
2010-10-01,53.6,53.62,53.2,53.36,41.1724014312,8229400.0,0.0,1.0
2010-10-04,53.34,53.7,53.14,53.57,41.3344367441,7142500.0,0.0,1.0
2010-10-05,53.94,54.25,53.83,54.0,41.6662233374,10216000.0,0.0,1.0
2010-10-06,53.92,54.63,53.9,54.56,42.0983175053,10413800.0,0.0,1.0
2010-10-07,54.66,54.82,54.04,54.36,41.9439981596,7769800.0,0.0,1.0
2010-10-08,54.35,54.59,54.02,54.41,41.9825779961,8793600.0,0.0,1.0
2010-10-11,54.52,54.74,54.43,54.61,42.1368973418,7037300.0,0.0,1.0
2010-10-12,54.45,54.45,53.75,53.92,41.6044955991,15034800.0,0.0,1.0
2010-10-13,54.18,54.52,53.73,53.82,41.5273359263,13613600.0,0.0,1.0
2010-10-14,53.87,53.87,52.93,53.25,41.087525791,15546900.0,0.0,1.0
2010-10-15,53.36,53.58,53.02,53.35,41.1646854639,12559000.0,0.0,1.0
2010-10-18,53.25,53.9,53.25,53.76,41.4810401226,9229900.0,0.0,1.0
2010-10-19,53.45,53.76,53.13,53.32,41.141537562,10225000.0,0.0,1.0
2010-10-20,53.29,53.84,53.2504,53.47,41.2572770713,9742300.0,0.0,1.0
2010-10-21,53.69,54.34,53.59,54.03,41.6893712392,9602200.0,0.0,1.0
2010-10-22,53.96,54.1,53.86,54.06,41.7125191411,5795500.0,0.0,1.0
2010-10-25,54.18,54.4,53.9,53.95,41.627643501,7963100.0,0.0,1.0
2010-10-26,53.84,54.73,53.83,54.56,42.0983175053,10293600.0,0.0,1.0
2010-10-27,54.24,54.63,53.55,53.87,41.5659157627,13020300.0,0.0,1.0
2010-10-28,54.19,54.23,53.59,54.08,41.7279510757,8183600.0,0.0,1.0
2010-10-29,54.04,54.59,53.61,54.17,41.7973947812,8032900.0,0.0,1.0
2010-11-01,54.05,54.5,54.02,54.31,41.9054183232,8207500.0,0.0,1.0
2010-11-02,54.55,54.99,54.49,54.79,42.2757847529,8849200.0,0.0,1.0
2010-11-03,54.77,54.95,54.22,54.91,42.3683763603,9189200.0,0.0,1.0
2010-11-04,55.0,55.5,54.95,55.36,42.7155948881,13246800.0,0.0,1.0
2010-11-05,55.45,55.72,54.9,55.2,42.5921394116,10261400.0,0.0,1.0
2010-11-08,54.91,55.08,54.51,54.91,42.3683763603,9941100.0,0.0,1.0
2010-11-09,55.08,55.21,54.83,55.05,42.4763999023,10047100.0,0.0,1.0
2010-11-10,54.76,54.76,54.09,54.51,42.0597376689,11236900.0,0.0,1.0
2010-11-11,54.52,54.52,53.96,54.34,41.9285662251,12566100.0,0.0,1.0
2010-11-12,54.1,54.34,53.86,54.13,41.7665309121,10677800.0,0.0,1.0
2010-11-15,54.17,54.35,53.87,53.95,41.627643501,11459500.0,0.0,1.0
2010-11-16,54.57,55.35,54.24,54.26,41.8668384868,23555200.0,0.0,1.0
2010-11-17,54.35,54.44,53.56,53.77,41.4887560898,14504700.0,0.0,1.0
2010-11-18,54.14,54.655,53.9,53.98,41.6507914028,11587300.0,0.0,1.0
2010-11-19,54.1,54.45,53.95,54.39,41.9671460615,10307500.0,0.0,1.0
2010-11-22,54.2,54.6,53.92,54.38,41.9594300942,9501800.0,0.0,1.0
2010-11-23,54.2,54.26,53.56,53.67,41.411596417,13851400.0,0.0,1.0
2010-11-24,53.74,54.18,53.74,54.01,41.6739393047,10312400.0,0.0,1.0
2010-11-26,53.69,53.93,53.57,53.74,41.465608188,4155000.0,0.0,1.0
2010-11-29,53.65,53.92,53.43,53.85,41.5504838281,10787600.0,0.0,1.0
2010-11-30,53.76,54.43,53.6,54.09,41.735667043,17556900.0,0.0,1.0
2010-12-01,54.42,54.85,54.39,54.7,42.2063410473,17882900.0,0.0,1.0
2010-12-02,54.71,54.9,54.38,54.75,42.2449208837,15774900.0,0.0,1.0
2010-12-03,54.63,54.76,54.31,54.62,42.144613309,10096900.0,0.0,1.0
2010-12-06,54.88,54.94,54.47,54.49,42.0443057343,8632900.0,0.0,1.0
2010-12-07,54.54,55.34,54.54,55.09,42.5072637714,15893300.0,0.0,1.0
2010-12-08,54.86,54.95,54.45,54.49,42.2777137447,12479700.0,0.3025,1.0
2010-12-09,54.72,54.77,54.32,54.34,42.1613317102,10732800.0,0.0,1.0
2010-12-10,54.31,54.4,54.14,54.28,42.1147788964,12049900.0,0.0,1.0
2010-12-13,54.31,54.4,54.0,54.21,42.0604672802,11325200.0,0.0,1.0
2010-12-14,54.1,54.58,54.02,54.45,42.2466785355,10746200.0,0.0,1.0
2010-12-15,54.23,54.34,54.04,54.23,42.0759848848,10550200.0,0.0,1.0
2010-12-16,54.09,54.63,54.0,54.63,42.3863369769,12335300.0,0.0,1.0
2010-12-17,54.68,54.75,54.38,54.41,42.2156433263,21562200.0,0.0,1.0
2010-12-20,54.56,54.56,53.61,53.77,41.7190799789,13615600.0,0.0,1.0
2010-12-21,53.76,53.86,53.64,53.65,41.6259743513,8291900.0,0.0,1.0
2010-12-22,53.59,53.65,53.16,53.31,41.362175073,11458800.0,0.0,1.0
2010-12-23,53.17,53.69,53.14,53.6,41.5871803398,9061700.0,0.0,1.0
2010-12-27,53.56,53.73,53.23,53.57,41.5639039329,5876200.0,0.0,1.0
2010-12-28,53.63,53.93,53.51,53.74,41.695803572,6789100.0,0.0,1.0
2010-12-29,53.57,54.26,53.57,54.08,41.9596028503,7628700.0,0.0,1.0
2010-12-30,54.0,54.19,53.84,54.07,41.951844048,6303800.0,0.0,1.0
2010-12-31,53.97,54.25,53.79,53.93,41.8432208158,7093900.0,0.0,1.0
